838
848
879
2981
839
926
1983
851
886
857
1076
854
2985
1141
922
852
843
930
885
909
916
866
898
844
835
948
840
865
1035
889
3472
873
829
908
1068
3471
1139
1143
847
1055
1012
859
918
929
934
904
910
896
858
877
888
971
2490
955
1703
1706
1723
830
1289
1010
834
863
1008
899
1044
954
944
925
932
974
872
963
1491
1045
923
3420
878
1003
1060
917
1178
893
855
864
1360
1175
964
1263
1439
936
897
1361
975
1182
928
1354
2983
915
1300
1775
1249
1168
1106
1087
1021
1232
1603
1234
887
1202
846
832
1417
3253
1109
1130
1592
1332
827
1693
2397
1054
1069
849
1147
2491
1347
837
947
1970
1088
1714
3354
1116
1302
1690
1480
1208
1708
1239
965
3239
941
2021
1018
1998
1451
1411
1695
988
2493
871
1245
937
2494
2585
1751
1790
1007
1067
1009
958
1092
1223
978
2792
831
1777
1882
1321
998
1149
1063
977
1271
2094
952
1037
1081
2244
1705
1050
1047
2738
973
870
1024
2705
1224
913
1901
856
2593
993
868
1313
1248
1166
1744
1215
953
1730
1440
1181
1026
1049
1190
1383
1709
1987
3252
3444
1533
1195
1176
1122
862
1322
985
935
1099
1027
2522
1152
1056
1739
1127
1750
2495
1296
880
1285
3440
3231
1789
1083
967
999
1640
1620
1344
1421
1763
1740
2069
861
980
1112
1066
1235
982
996
2041
1376
1492
992
1154
2497
3454
1242
1098
1110
2440
1388
2200
876
3382
3216
2578
906
1004
1096
945
1517
1747
1053
1036
1015
1270
1735
1380
1156
1072
1731
1453
1526
1497
1490
1611
1268
1042
1972
3475
2674
2103
1930
1534
1161
1000
1799
1011
1155
1185
1016
1022
1097
1065
828
1416
1583
1711
1184
1145
1210
833
1943
1955
3047
2068
2306
1712
895
914
1169
1393
1869
1698
1089
1020
1034
1429
1317
1868
2221
1390
1031
1142
2410
1717
1356
1330
1604
1542
1136
1046
984
1599
1725
1771
1792
1528
1146
1132
1227
1231
3355
1218
983
946
1585
1773
1830
1546
1699
867
3215
1104
1129
1702
1635
1402
1839
907
3404
3226
972
1228
1246
1867
1759
1644
1484
1637
2203
2031
2032
1276
1201
1090
3225
3212
3213
1086
1048
1233
1281
957
911
2421
1822
1786
1638
1518
1458
1449
1288
2197
989
938
1226
1817
3037
2481
3321
3443
3479
1815
1474
942
1013
968
949
875
836
1017
1454
1521
1679
3368
3248
2514
2958
1600
1589
1327
1041
1220
1212
1172
1052
1064
1071
845
903
1342
1381
1584
1610
2092
2202
2960
3332
3235
3245
3379
2924
2579
2692
2284
2373
2066
1728
1598
1565
1335
1328
1001
1157
1543
1673
1691
1765
1802
1781
1887
2337
2180
3208
3207
3264
2775
2248
2079
2176
1670
1594
1654
1459
1213
933
921
1470
1385
1312
1307
1340
1334
1666
1520
1772
1753
1831
1812
2171
2271
2316
2476
2856
2722
3389
1523
1198
1005
1194
1516
1852
1752
3301
3438
2760
2536
1754
1778
2014
1165
924
874
2142
1933
1612
1372
1407
1427
1420
2496
2693
2840
3384
3406
2660
1043
1019
1264
912
900
1301
2071
2383
2336
2746
3159
2563
3308
3210
3365
3254
3732
2544
2532
2618
3206
3046
2953
2771
2669
2704
2880
2198
1904
1785
1732
1733
1522
1623
1696
1348
1315
994
1269
1193
1151
1244
1206
1002
1674
1626
1614
1481
1545
1780
1808
1891
1924
1956
2310
2299
2380
2861
3039
2620
2598
2513
3484
3413
3375
3442
3237
3238
3335
3280
3282
3288
3377
3388
3396
3561
3562
3679
3858
2500
2554
2646
2649
2702
2711
2713
2720
3100
2871
2841
2837
2354
2399
2401
2404
2450
2261
2226
1967
1953
2037
2199
2106
2045
1926
1793
1743
1726
1555
1564
1541
1593
1500
1664
1681
1341
1374
1303
1305
1479
1400
962
1238
1135
1140
1095
1121
3718
2613
1398
1092
1162
1746
1857
2774
3023
3859
3221
1921
2253
1406
1450
1510
1607
1412
2039
2005
1971
1794
1813
1287
1310
3299
3860
3056
3057
3061
3062
3065
3066
3075
3080
3087
3094
3096
3027
3042
2998
3003
3014
3017
2873
2928
2932
2944
2947
2955
2976
2979
2749
2757
2762
2764
2768
2770
2799
2800
2803
2808
2813
2824
2827
2828
2831
2832
2833
2834
2844
2851
2853
2855
2777
2779
2789
2791
2882
2884
2885
2901
2915
2916
2918
2919
2920
3222
3224
3227
3230
3217
3218
3219
3220
3209
3214
3049
3051
3122
3123
3155
3168
3174
3178
3180
3181
3188
3193
3200
3290
3291
3307
3284
3269
3276
3344
3345
3350
3353
3318
3328
3240
3241
3243
3244
3246
3250
2619
2599
2604
2606
2608
2550
2551
2586
2587
2590
2542
2527
2528
2530
2564
2565
2566
2567
2568
2571
2572
2573
2575
2706
2725
2726
2741
2744
2717
2718
2719
2665
2667
2651
2656
2657
2701
2625
2627
2630
2633
2636
2637
2638
2639
2643
2453
2459
2462
2467
2473
2478
2448
2431
2432
2433
2414
2416
2419
2504
2506
2498
2499
2515
2519
2521
2484
2489
2492
2405
2407
2408
2382
2313
2374
2379
2338
2339
2347
2352
2353
2355
2356
2357
2365
2366
2367
2369
2370
2302
2309
2320
2322
2327
2328
2333
1814
1805
1807
1820
1837
1838
1823
1825
1826
1858
1862
1856
1843
1844
1845
1846
1850
1851
1888
1889
1870
1872
1879
1881
1795
1796
1797
1800
1791
1783
1788
1755
1758
1764
1766
1770
1776
1749
1745
1736
1738
1742
1718
1719
1721
1704
1710
1707
1683
1689
1680
1677
1672
1701
1694
1648
1652
1655
1656
1660
1663
1624
1625
1642
1643
1639
1985
1986
1988
1994
1996
2009
2010
2011
2017
2018
2019
2002
2025
2030
2050
2057
2058
2059
2062
2067
2043
1923
1935
1936
1940
1892
1896
1898
1906
1907
1909
1913
1919
1968
1969
1975
1976
1981
1957
1958
1960
1961
1944
1945
1946
1947
1952
2254
2250
2252
2272
2274
2275
2279
2286
2289
2290
2293
2296
2229
2232
2233
2234
2236
2238
2240
2225
2206
2214
2215
2217
2219
2107
2108
2110
2115
2120
2125
2127
2129
2135
2138
2140
2141
2081
2083
2074
2075
2188
2194
2172
2173
2093
2143
2146
2162
2164
2166
2170
2096
2098
2100
2101
2102
1311
1314
1320
1306
1308
1309
1304
1286
1282
1283
1280
1297
1298
1299
1290
1291
1292
1293
1295
1378
1379
1362
1363
1366
1367
1370
1355
1357
1358
1359
1350
1351
1352
1353
1329
1326
1337
1338
1339
1247
1253
1255
1258
1259
1265
1272
1236
1243
1240
1241
1199
1200
1214
1217
1205
1174
1177
1170
1171
1188
1191
1183
1413
1414
1401
1408
1409
1418
1430
1431
1432
1433
1436
1394
1396
1403
1404
1405
1386
1387
1392
1441
1444
1445
1446
1462
1463
1469
1456
1471
1482
1487
1501
1503
1504
1508
1493
1494
1601
1616
1617
1619
1627
1633
1634
1621
1595
1597
1590
1566
1569
1570
1573
1576
1577
1578
1579
1511
1519
1524
1525
1529
1530
1531
1547
1548
1557
1558
1559
1527
1535
1537
1163
1158
1159
1160
1153
1126
1128
1131
1093
1094
1078
1079
1105
1101
1102
1103
1111
1107
1108
1113
1114
1117
1118
997
995
987
990
991
1025
1039
1040
1033
1028
1061
1062
1070
969
979
950
951
943
960
919
920
927
931
939
902
905
891
892
881
882
883
841
853
850
3869
3874
3876
3899
3959
3960
3963
3965
3975
3976
3979
3980
3984
3994
3995
3996
3997
4037
4038
4039
4040
4041
4042
4043
4044
4045
4046
4047
4048
4049
4051
4052
4054
4055
4056
4057
4058
4059
4060
4061
4062
4063
4064
4065
4066
4067
4068
4069
4070
4071
4072
4074
4075
4076
4078
4079
4080
4081
4082
4084
4087
4097
4099
4100
4101
4102
4103
4104
4105
4107
4109
4110
4111
4112
4113
4114
4115
4118
4120
4124
4125
4137
4142
4171
4173
4179
4180
4185
4187
4190
4191
4192
4193
4196
4197
4199
4200
4202
4203
4204
4207
4208
4211
4212
4213
4216
4218
4219
4220
4230
4231
4232
4237
3392
3369
3370
3372
3373
3357
3359
3360
3363
3364
3403
3405
3407
3408
3409
3410
3412
3421
3422
3433
3434
3435
3437
3731
3697
3708
3709
3661
3485
3476
3477
3478
3474
3445
3449
3450
3460
3461
3462
3464
3465
3466
3467
3469
3470