1514
2111
2986
1587
1567
2984
3325
1760
2064
2971
1059
1058
1057
1051
1038
1032
1030
1029
1023
1014
1115
1100
1091
1084
1082
1080
1077
1075
1074
1073
1059
1058
1057
1051
1038
1032
1030
1029
1023
1014
1115
1100
1091
1084
1082
1080
1077
1075
1074
1073
1059
1058
1057
1051
1038
1032
1030
1029
1023
1014
1115
1100
1091
1084
1082
1080
1077
1075
1074
1073
1059
1058
1057
1051
1038
1032
1030
1029
1023
1014
1115
1100
1091
1084
1082
1080
1077
1075
1074
1073
1059
1058
1057
1051
1038
1032
1030
1029
1023
1014
1671
1675
1676
1678
1682
1684
1685
1686
1687
1688
1692
1697
1700
1713
1715
1716
1720
1722
1724
1727
1729
1734
1737
1741
1748
1756
1757
1761
1762
1767
1768
1769
1774
1779
1782
1784
1787
1798
1801
1803
1804
1806
1809
1810
1811
1816
1818
1819
1821
1824
1827
1828
1829
1832
1833
1834
1835
1836
1840
1841
1842
1847
1848
1849
1853
1854
1855
1860
1861
1864
1866
1871
1873
1874
1875
1876
1877
1878
1880
1883
1884
1885
1890
1895
1897
1899
1900
1902
1903
1908
1910
1911
1912
1914
1915
1916
1917
1918
1920
1922
1925
1927
1928
1929
1931
1932
1934
1937
1938
1939
1941
1942
1948
1949
1950
1951
1954
1959
1962
1963
1964
1966
1973
1974
1977
1978
1979
1980
1982
1984
1989
1990
1991
1992
1993
1995
1997
1999
2000
2001
2003
2004
2006
2007
2008
2012
2013
2020
2022
2023
2024
2026
2027
2028
2033
2034
2035
2036
2040
2042
2044
2046
2049
2051
2053
2054
2055
2056
2060
2061
2063
826
884
894
940
959
961
970
976
981
986
1006
1014
1023
1029
1030
1032
1038
1051
1057
1058
1059
1073
1074
1075
1077
1080
1082
1084
1091
1100
1115
1119
1120
1123
1124
1133
1134
1137
1138
1144
1150
1164
1167
1173
1179
1180
1186
1189
1192
1196
1197
1203
1207
1209
1216
1219
1221
1222
1225
1229
1237
1250
1251
1254
1256
1257
1260
1261
1262
1266
1273
1274
1275
1277
1278
1279
1284
1294
1316
1318
1319
1323
1324
1325
1331
1333
1343
1346
1349
1364
1365
1368
1369
1371
1373
1375
1382
1389
1391
1395
1397
1399
1410
1415
1422
1423
1424
1425
1426
1428
1434
1435
1437
1438
1442
1443
1447
1448
1452
1455
1457
1460
1461
1464
1465
1466
1467
1472
1473
1475
1477
1478
1485
1486
1488
1489
1495
1496
1498
1499
1502
1505
1506
1507
1509
1512
1513
3327
3329
3330
3333
3337
3339
3340
3343
3346
3352
3356
3362
3367
3374
3376
3380
3381
3385
3386
3387
3390
3391
3393
3394
3395
3399
3401
3402
3414
3415
3416
3417
3418
3419
3549
3550
3551
3552
3553
3554
3555
3556
3557
3558
3560
3728
3729
3730
3736
3743
3744
3748
3753
3948
3949
3950
3954
3955
3956
3961
3964
3966
3968
3970
3972
3973
3974
3978
3981
3982
3983
3985
3986
3987
3988
3989
3990
3991
3992
3993
3999
4000
4001
4002
4003
4004
4005
4006
4007
4008
4009
4010
4011
4012
4013
4014
4015
4016
4017
4018
4019
4020
4021
4022
4024
4025
4026
4027
4028
4029
4030
4031
4032
4033
4034
4035
4036
4053
4073
4083
4085
4086
4088
4089
4090
4091
4092
4093
4094
4095
4096
4098
4106
4108
4116
4117
4119
4122
4126
4127
4128
4136
4138
4146
4148
4149
4153
4154
4156
4157
4158
4160
4161
4162
4163
4164
4165
4166
4172
4175
4176
4182
4183
4184
4186
4188
4194
4198
4201
4205
4206
4210
4217
4221
4222
4223
4225
4226
4227
4228
4229
4234
4236
4238
4239
4242
2987
2988
2989
2990
2991
2992
2993
2994
2995
2996
2997
2999
3000
3001
3002
3004
3005
3006
3007
3008
3009
3010
3011
3012
3013
3015
3016
3018
3019
3020
3021
3022
3024
3025
3026
3028
3030
3031
3032
3033
3034
3035
3036
3038
3040
3041
3043
3044
3045
3048
3050
3052
3053
3054
3055
3058
3059
3060
3063
3064
3067
3068
3069
3070
3071
3072
3073
3074
3076
3077
3078
3079
3081
3082
3083
3084
3086
3088
3089
3090
3091
3093
3095
3097
3098
3099
3101
3102
3103
3104
3105
3106
3107
3108
3109
3110
3111
3112
3113
3114
3115
3116
3118
3119
3120
3121
3124
3125
3126
3127
3128
3129
3130
3131
3132
3133
3134
3135
3136
3137
3138
3139
3140
3141
3142
3143
3144
3145
3146
3147
3148
3149
3150
3151
3152
3153
3154
3156
3157
3158
3160
3161
3162
3164
3165
3166
3169
3170
3171
3172
3176
3177
3179
3182
3183
3184
3185
3186
3187
3189
3190
3191
3192
3195
3196
3197
3198
3201
3202
3203
3204
3205
3211
3223
3229
3232
3233
3234
3236
3242
3247
3249
3251
3255
3256
3257
3258
3259
3260
3261
3262
3263
3265
3266
3267
3268
3270
3271
3272
3273
3274
3275
3277
3279
3281
3283
3285
3286
3289
3292
3293
3294
3295
3296
3297
3298
3300
3302
3303
3304
3305
3306
3309
3310
3312
3313
3316
3317
3319
3320
3322
3324
2112
2113
2114
2116
2117
2118
2119
2121
2122
2123
2124
2126
2128
2130
2131
2133
2134
2136
2137
2139
2144
2145
2147
2148
2149
2150
2151
2152
2153
2154
2156
2157
2158
2159
2160
2161
2163
2165
2167
2168
2169
2174
2175
2177
2178
2179
2181
2182
2183
2184
2185
2186
2187
2189
2190
2191
2192
2193
2195
2196
2201
2204
2205
2207
2208
2209
2210
2211
2212
2213
2216
2218
2220
2222
2223
2224
2227
2228
2230
2231
2235
2237
2239
2241
2242
2243
2245
2246
2247
2249
2251
2255
2256
2257
2258
2259
2260
2262
2263
2264
2265
2266
2267
2268
2269
2276
2277
2278
2280
2281
2282
2283
2285
2287
2291
2292
2294
2295
2297
2298
2300
2301
2303
2304
2305
2307
2308
2311
2312
2314
2315
2318
2319
2321
2323
2324
2325
2326
2329
2330
2331
2332
2334
2335
2340
2341
2342
2343
2344
2345
2346
2348
2349
2350
2351
2358
2359
2360
2361
2362
2363
2364
2368
2371
2372
2375
2376
2378
2381
2384
2385
2386
2387
2388
2389
2390
2391
2392
2393
2394
2395
2396
2398
2400
2402
2403
2406
2409
2411
2412
2413
2415
2417
2418
2420
2422
2423
2424
2425
2426
2427
2428
2429
2430
2434
2435
2437
2438
2443
2444
2445
2446
2449
2451
2452
2454
2455
2456
2457
2458
2460
2461
2463
2464
2465
2466
2468
2469
2470
2471
2472
2474
2475
2477
2479
2482
2483
2485
2486
2487
2488
2501
2502
2503
2505
2507
2508
2509
2510
2511
2512
2516
2517
2518
2520
2523
2524
2525
2526
2529
2531
2533
2534
2535
2537
2538
2539
2540
2541
2545
2546
2547
2548
2549
2552
2553
2555
2556
2557
2558
2559
2560
2561
2562
2569
2570
2574
2576
2577
2580
2582
2584
2588
2589
2591
2592
2594
2595
2596
2597
2600
2601
2602
2605
2607
2609
2610
2611
2612
2614
2615
2616
2617
2621
2622
2623
2624
2626
2628
2629
2631
2632
2634
2635
2640
2641
2642
2644
2645
2647
2648
2650
2652
2653
2654
2655
2658
2659
2661
2662
2663
2664
2666
2668
2670
2671
2672
2673
2675
2676
2677
2678
2679
2680
2681
2682
2683
2684
2685
2686
2687
2688
2689
2690
2691
2694
2695
2696
2697
2698
2699
2700
2703
2707
2708
2709
2710
2712
2714
2715
2716
2721
2723
2724
2727
2728
2729
2730
2731
2732
2733
2734
2735
2736
2737
2740
2742
2743
2745
2747
2748
2750
2751
2752
2753
2754
2755
2756
2758
2761
2763
2765
2766
2767
2769
2772
2773
2776
2778
2780
2781
2782
2783
2784
2785
2786
2788
2790
2793
2795
2796
2797
2798
2801
2802
2804
2805
2806
2807
2809
2810
2811
2812
2814
2816
2817
2818
2819
2820
2821
2822
2823
2825
2826
2829
2830
2835
2836
2838
2839
2842
2843
2845
2846
2847
2848
2849
2852
2854
2857
2858
2859
2860
2862
2864
2865
2866
2867
2868
2869
2870
2872
2875
2876
2877
2878
2879
2883
2886
2887
2888
2889
2890
2891
2892
2893
2894
2895
2896
2897
2898
2899
2900
2902
2903
2904
2905
2906
2907
2908
2909
2910
2911
2912
2913
2914
2917
2921
2922
2923
2925
2926
2927
2929
2930
2931
2934
2935
2936
2937
2938
2939
2940
2941
2942
2943
2945
2946
2948
2949
2950
2951
2952
2954
2956
2957
2959
2961
2962
2963
2964
2965
2966
2967
2968
2969
2970