27103549
26398254
25942511
344311574
343282874
340078232
79117606
342898389
346265742
95261836
326372302
340176775
340153379
340151761
340131850
340089301
340087432
347132215
342953454
344345385
345221741
345279742
345928383
345929222
345958285
345973107
341496360
341526512
341180564
300803637
341962562
342110491
91367263
342275603
312365058
343525771
344199446
344307564
306055980
338017770
314655021
338469692
338545168
338574537
338510874
346833527
346243520
347277176
337241050
347287261
347290007
336689515
347303075
67619867
346561582
347332791
347345525
347346657
347348758
344732641
345558324
347351569
347358454
337941956
337959861
337971315
337975168
337987944
338741404
338748509
338757349
338767836
338815194
339528535
339488467
339518676
339522919
340600581
340555326
340674881
340704404
340705765
340787118
341750650
341758302
341793862
341861336
341888962
342668464
342669405
342675245
342673672
343280276
343285505
343285612
343286464
343289091
344040994
344041773
344042969
344054436
344059043
344075889
344824591
344854283
344877520
345434116
345982155
345987357
346093792
346803227
346827591
346847894
347290030
345237492
347219598
344604321
337553723
347427249
347385536
347429631
346861733
347030586
346789279
347372996
347433573
347435165
347421304
345348221
346551552
337948833
326452352
337962481
337965019
337984221
337984892
337989698
337992275
338542390
338574725
335021635
338591969
338608214
339158946
339151980
339178353
339192415
339212663
339214366
339446820
339414717
339449928
339449875
339453707
339454845
339712449
339718842
338676135
339747848
339605215
340223624
340252805
340253160
340262610
340266090
327364968
340736354
51153597
340765599
341423061
341423306
341428583
341429956
341436400
342073837
342081994
342087519
342090538
342108244
342114754
342376264
339547473
342390957
342406878
342407547
342488868
342706358
342943426
342756271
342954510
342105196
343253310
343259346
343260765
343282606
343303381
343305396
343305681
343321221
343321351
343321579
343095443
343331487
334628541
